20 21 33
20 23A 72
21 23A 81
21 23G 90
21 23H 51
23A 23C 103
23A 23B 59
23A 23G 122
23B 23C 82
23B 23F 44
23B 23G 96
23C 23E 74
23C 23F 85
23C 26 87
23E 25 42
23E 26 55
23F 23G 100
23F 26 45
23F 27 45
23F 28 62
23G 23H 40
23G 27 102
23G 28 64
23G 35 84
23G 36 56
23H 36 52
24 25 41
24 26 79
24 27 118
24 29 108
24 30 120
24 61 119
25 26 56
26 27 65
26 29 85
26 30 130
27 28 47
27 29 27
28 29 53
28 33 42
28 34 58
28 36 107
29 30 52
29 33 34
30 31 72
30 33 58
30 34 88
30 57 92
30 60 114
30 61 103
31 33 67
31 34 59
31 39 60
31 40 90
31 55 55
31 56 32
31 57 68
31 60 105
33 34 45
34 35 37
34 39 50
35 36 71
35 37 57
35 38 65
35 39 33
36 37 24
37 38 48
38 39 67
38 40 80
38 41 108
39 40 60
39 55 73
39 56 86
40 41 45
40 54 85
40 55 54
41 42 81
41 53 85
41 54 87
41 55 90
42 43 124
42 52 64
42 53 77
43 48 78
43 52 58
43 78 37
44 45 142
45 46 77
45 47 67
45 82 89
46 47 48
46 48 78
46 49 73
47 48 64
47 49 98
47 82 46
48 49 69
48 50 91
48 51 68
48 52 76
48 78 70
48 82 82
49 50 72
49 51 94
49 59 143
50 51 54
50 53 81
50 54 118
50 59 82
51 52 32
51 53 55
52 53 64
52 78 86
53 54 58
53 59 105
54 55 63
54 58 58
54 59 85
55 56 42
55 58 70
56 57 37
57 58 50
57 60 58
58 59 73
59 60 108
60 61 91
78 82 45